3223323232423342133321323321133325222233342332323323343713331321434231231232333333232334233323322122
3422323123349134332433333333432333313333323413433133433343234433433334323333452433843344143323335344
3323113221321312236523622222221222225424323212132242333365351332221432232235143422248222121121832228
3463333333523444333334433344544335323235227453444243335438244443585333243345323433342343323423544343
4233366944836552382823534346549355354476555367335594833663342368343653554644862935563623533154857355
1332332433331354333343732343231333333333333244331233163343322313323333333342353333433313332343313344
2323333333132333133423233333532331333334313243333333432343123323232442532313323213333333223533324332
5312224222713236213232382221222222216232352633323322223233232333323422323225662322323723232222222232
2243331332223333322421433342323323331333332213223332233332153332433342223233221232112323323334332332
3156557564452635362717784672442615553635257743349535442676644432474552623544224472653952463455546442
1312431342342824244214465334554334223332235314353232153332244574432234522234334345234413323433435332
3554245243536264333644415362575554525424533152554425565554435225545754365521344355555155556554244433
3353433343933436853333343334433544533333353523333323331553333462333433233452343223323433553333333534
7336455237364265332533353534645233452333753233274646144545334553331347633135465814457336666374354374
2433722533332321213232333323222232322233342222371243322432283314643332334143336933224322221331822363
2247224633427672333417546743363394719333635395533333441323733426343643343694333454335345367755643335
2243232372672232322322321215224746323615328472712261262632721421227121452562656223322437218572422221
1222929212582422112521233212223222234234242267327154222384122121223122512222523922212956222222252226
3122322435422357222233333223232234352422221333433322342832323122234243231745124324563425262224222212
1321332222443232432355222422425222244535264454241322322422345333244431431322113412444229424432364133
1212211124122213456255217441532222222725521322332233213222221332222222331222522232142283122212112121
1221222142222133332341312333325237232223222244224227223222113232232634322322222232323273223434131332
5438843322344249174483324441333413342444444434313423752414444443442232434241744241444444333413444444
2231336232333236334112243332332341353232312512325222263432225332633322235632375232223315283333433363
1233232232244732342232235233433333134123235541423222432442243435221242423434242223322334433434343534
